Kp_cv(1,:)=0.0000000000000000e+00;
RKp_cv(1,:)=0.0000000000000000e+00;
Rot_cv(1,:,:)=[1.0000000000000000e+00,0.0000000000000000e+00,0.0000000000000000e+00;0.0000000000000000e+00,1.0000000000000000e+00,0.0000000000000000e+00;0.0000000000000000e+00,0.0000000000000000e+00,1.0000000000000000e+00];
Vel_cv(1,:)=[0.0000000000000000e+00,0.0000000000000000e+00,0.0000000000000000e+00];
RotGiro_cv(1,:)=[0.0000000000000000e+00,0.0000000000000000e+00,0.0000000000000000e+00];
t_cv(1,:)=3.3000000000000000e+01;
dt_cv(1,:)=0.0000000000000000e+00;
i_cv(1,:)=1;
Pose_cv(1,:,:)=[1.0000000000000000e+00,0.0000000000000000e+00,0.0000000000000000e+00;0.0000000000000000e+00,1.0000000000000000e+00,0.0000000000000000e+00;0.0000000000000000e+00,0.0000000000000000e+00,1.0000000000000000e+00];
Pos_cv(1,:)=[0.0000000000000000e+00,0.0000000000000000e+00,0.0000000000000000e+00];
K_cv(1,:)=0.0000000000000000e+00;
KLN_cv(1,:)=20000;
Giro_cv(1,:)=[0.0000000000000000e+00,0.0000000000000000e+00,0.0000000000000000e+00];
Acel_cv(1,:)=[0.0000000000000000e+00,0.0000000000000000e+00,0.0000000000000000e+00];
CAcel_cv(1,:)=[0.0000000000000000e+00,0.0000000000000000e+00,0.0000000000000000e+00];
DGiro_cv(1,:)=[0.0000000000000000e+00,0.0000000000000000e+00,0.0000000000000000e+00];
GBias_cv(1,:)=[0.0000000000000000e+00,0.0000000000000000e+00,0.0000000000000000e+00];
dWv_cv(1,:)=[0.0000000000000000e+00,0.0000000000000000e+00,0.0000000000000000e+00];
dWgv_cv(1,:)=[0.0000000000000000e+00,0.0000000000000000e+00,0.0000000000000000e+00];
g_cv(1,:)=[0.0000000000000000e+00,0.0000000000000000e+00,0.0000000000000000e+00];
VBias_cv(1,:)=[0.0000000000000000e+00,0.0000000000000000e+00,0.0000000000000000e+00];
Av_cv(1,:)=[0.0000000000000000e+00,0.0000000000000000e+00,0.0000000000000000e+00];
As_cv(1,:)=[0.0000000000000000e+00,0.0000000000000000e+00,0.0000000000000000e+00];
Posgv_cv(1,:)=[0.0000000000000000e+00,0.0000000000000000e+00,0.0000000000000000e+00];
SMM_cv(1,:)=0;
TProc0_cv(1,:)=8.6367092000000006e-02;
TProc1_cv(1,:)=0.0000000000000000e+00;
TProc2_cv(1,:)=0.0000000000000000e+00;
Kp_cv(2,:)=1.1304022500849364e+00;
RKp_cv(2,:)=2.9658871789610575e-02;
Rot_cv(2,:,:)=[9.9999812751366091e-01,2.9198017288185494e-04,-1.9130386171330761e-03;-3.4733752921751321e-04,9.9957932977010244e-01,-2.9000738835303706e-02;1.9037662179993697e-03,2.9001349001922985e-02,9.9957755948713445e-01];
Vel_cv(2,:)=[4.9544215840460065e-06,9.9405813707535923e-04,-2.0107986070567850e-04];
RotGiro_cv(2,:)=[0.0000000000000000e+00,0.0000000000000000e+00,0.0000000000000000e+00];
t_cv(2,:)=6.4000000000000000e+01;
dt_cv(2,:)=3.1000000000000000e+01;
i_cv(2,:)=2;
Pose_cv(2,:,:)=[9.9999812751366091e-01,2.9198017288185494e-04,-1.9130386171330761e-03;-3.4733752921751321e-04,9.9957932977010244e-01,-2.9000738835303706e-02;1.9037662179993697e-03,2.9001349001922985e-02,9.9957755948713445e-01];
Pos_cv(2,:)=[1.7450926448238041e-04,3.0983561012452632e-02,-5.3368501795311215e-03];
K_cv(2,:)=1.0000000000000000e+00;
KLN_cv(2,:)=20000;
Giro_cv(2,:)=[0.0000000000000000e+00,0.0000000000000000e+00,0.0000000000000000e+00];
Acel_cv(2,:)=[0.0000000000000000e+00,0.0000000000000000e+00,0.0000000000000000e+00];
CAcel_cv(2,:)=[0.0000000000000000e+00,0.0000000000000000e+00,0.0000000000000000e+00];
DGiro_cv(2,:)=[0.0000000000000000e+00,0.0000000000000000e+00,0.0000000000000000e+00];
GBias_cv(2,:)=[0.0000000000000000e+00,0.0000000000000000e+00,0.0000000000000000e+00];
dWv_cv(2,:)=[0.0000000000000000e+00,0.0000000000000000e+00,0.0000000000000000e+00];
dWgv_cv(2,:)=[0.0000000000000000e+00,0.0000000000000000e+00,0.0000000000000000e+00];
g_cv(2,:)=[0.0000000000000000e+00,0.0000000000000000e+00,0.0000000000000000e+00];
VBias_cv(2,:)=[0.0000000000000000e+00,0.0000000000000000e+00,0.0000000000000000e+00];
Av_cv(2,:)=[0.0000000000000000e+00,0.0000000000000000e+00,0.0000000000000000e+00];
As_cv(2,:)=[0.0000000000000000e+00,0.0000000000000000e+00,0.0000000000000000e+00];
Posgv_cv(2,:)=[0.0000000000000000e+00,0.0000000000000000e+00,0.0000000000000000e+00];
SMM_cv(2,:)=0;
TProc0_cv(2,:)=8.0801834000000003e-02;
TProc1_cv(2,:)=1.7247247800000001e-01;
TProc2_cv(2,:)=2.5120876000000000e-02;
Kp_cv(3,:)=1.0000221773801428e+00;
RKp_cv(3,:)=1.0230487544611517e-06;
Rot_cv(3,:,:)=[9.9999920338109405e-01,-1.4936321589448609e-04,-1.2533665892706970e-03;1.5119017075816539e-04,9.9999892616934805e-01,1.4576699499971636e-03;1.2531475210957885e-03,-1.4578582854983793e-03,9.9999815213354759e-01];
Vel_cv(3,:)=[-2.0212046067701929e-05,-1.1937688059158092e-05,7.5668511405967048e-06];
RotGiro_cv(3,:)=[0.0000000000000000e+00,0.0000000000000000e+00,0.0000000000000000e+00];
t_cv(3,:)=9.6000000000000000e+01;
dt_cv(3,:)=3.2000000000000000e+01;
i_cv(3,:)=3;
Pose_cv(3,:,:)=[9.9999497772117796e-01,1.4540586232915658e-04,-3.1659737137280691e-03;-2.3255288694900357e-04,9.9962058723802605e-01,-2.7543193152912811e-02;3.1607675611453065e-03,2.7543791079644279e-02,9.9961560067927380e-01];
Pos_cv(3,:)=[-4.7309511371935705e-04,3.0595181056586374e-02,-5.1073702536838369e-03];
K_cv(3,:)=1.0000000000000000e+00;
KLN_cv(3,:)=20000;
Giro_cv(3,:)=[0.0000000000000000e+00,0.0000000000000000e+00,0.0000000000000000e+00];
Acel_cv(3,:)=[0.0000000000000000e+00,0.0000000000000000e+00,0.0000000000000000e+00];
CAcel_cv(3,:)=[0.0000000000000000e+00,0.0000000000000000e+00,0.0000000000000000e+00];
DGiro_cv(3,:)=[0.0000000000000000e+00,0.0000000000000000e+00,0.0000000000000000e+00];
GBias_cv(3,:)=[0.0000000000000000e+00,0.0000000000000000e+00,0.0000000000000000e+00];
dWv_cv(3,:)=[0.0000000000000000e+00,0.0000000000000000e+00,0.0000000000000000e+00];
dWgv_cv(3,:)=[0.0000000000000000e+00,0.0000000000000000e+00,0.0000000000000000e+00];
g_cv(3,:)=[0.0000000000000000e+00,0.0000000000000000e+00,0.0000000000000000e+00];
VBias_cv(3,:)=[0.0000000000000000e+00,0.0000000000000000e+00,0.0000000000000000e+00];
Av_cv(3,:)=[0.0000000000000000e+00,0.0000000000000000e+00,0.0000000000000000e+00];
As_cv(3,:)=[0.0000000000000000e+00,0.0000000000000000e+00,0.0000000000000000e+00];
Posgv_cv(3,:)=[0.0000000000000000e+00,0.0000000000000000e+00,0.0000000000000000e+00];
SMM_cv(3,:)=0;
TProc0_cv(3,:)=8.8768426999999997e-02;
TProc1_cv(3,:)=1.1454560100000000e-01;
TProc2_cv(3,:)=2.1205218000000001e-02;
Kp_cv(4,:)=1.0000036681894804e+00;
RKp_cv(4,:)=1.1186999552611366e-06;
Rot_cv(4,:,:)=[9.9999926360267788e-01,-6.1494617143338453e-04,1.0462482058802144e-03;6.1555573875195680e-04,9.9999964095069649e-01,-5.8239987181051998e-04;-1.0458896856541220e-03,5.8304346702008417e-04,9.9999928308728359e-01];
Vel_cv(4,:)=[-1.8845268872758212e-05,-1.5963885246760444e-07,2.6624978218030346e-05];
RotGiro_cv(4,:)=[0.0000000000000000e+00,0.0000000000000000e+00,0.0000000000000000e+00];
t_cv(4,:)=1.2900000000000000e+02;
dt_cv(4,:)=3.3000000000000000e+01;
i_cv(4,:)=4;
Pose_cv(4,:,:)=[9.9999764209221942e-01,-4.7138317317151459e-04,-2.1198131770268271e-03;4.1157661497989831e-04,9.9960431245362924e-01,-2.8125595616754717e-02;2.1322323258611969e-03,2.8124656833662168e-02,9.9960214948913428e-01];
Pos_cv(4,:)=[-1.0968475561956379e-03,3.0564947270762439e-02,-4.2305697188289269e-03];
K_cv(4,:)=1.0000000000000000e+00;
KLN_cv(4,:)=20000;
Giro_cv(4,:)=[0.0000000000000000e+00,0.0000000000000000e+00,0.0000000000000000e+00];
Acel_cv(4,:)=[0.0000000000000000e+00,0.0000000000000000e+00,0.0000000000000000e+00];
CAcel_cv(4,:)=[0.0000000000000000e+00,0.0000000000000000e+00,0.0000000000000000e+00];
DGiro_cv(4,:)=[0.0000000000000000e+00,0.0000000000000000e+00,0.0000000000000000e+00];
GBias_cv(4,:)=[0.0000000000000000e+00,0.0000000000000000e+00,0.0000000000000000e+00];
dWv_cv(4,:)=[0.0000000000000000e+00,0.0000000000000000e+00,0.0000000000000000e+00];
dWgv_cv(4,:)=[0.0000000000000000e+00,0.0000000000000000e+00,0.0000000000000000e+00];
g_cv(4,:)=[0.0000000000000000e+00,0.0000000000000000e+00,0.0000000000000000e+00];
VBias_cv(4,:)=[0.0000000000000000e+00,0.0000000000000000e+00,0.0000000000000000e+00];
Av_cv(4,:)=[0.0000000000000000e+00,0.0000000000000000e+00,0.0000000000000000e+00];
As_cv(4,:)=[0.0000000000000000e+00,0.0000000000000000e+00,0.0000000000000000e+00];
Posgv_cv(4,:)=[0.0000000000000000e+00,0.0000000000000000e+00,0.0000000000000000e+00];
SMM_cv(4,:)=0;
TProc0_cv(4,:)=1.0326176400000001e-01;
TProc1_cv(4,:)=1.0193726100000000e-01;
TProc2_cv(4,:)=1.8910110000000001e-02;
Kp_cv(5,:)=1.0000083309829113e+00;
RKp_cv(5,:)=1.1758925918102700e-06;
Rot_cv(5,:,:)=[9.9999860669632656e-01,2.1391001915444739e-04,1.6555506362894011e-03;-2.1377382517073475e-04,9.9999997375206795e-01,-8.2441586432062503e-05;-1.6555682279159529e-03,8.2087558173617612e-05,9.9999862617679403e-01];
Vel_cv(5,:)=[-1.5841934256448889e-05,-8.4726142076975193e-06,1.0045802600856135e-05];
RotGiro_cv(5,:)=[0.0000000000000000e+00,0.0000000000000000e+00,0.0000000000000000e+00];
t_cv(5,:)=1.6200000000000000e+02;
dt_cv(5,:)=3.3000000000000000e+01;
i_cv(5,:)=5;
Pose_cv(5,:,:)=[9.9999985905656030e-01,-2.5764765631181859e-04,-4.6422467054800412e-04;2.4445064649262539e-04,9.9960206549497843e-01,-2.8207284556554975e-02;4.7130748029041531e-04,2.8207167100902417e-02,9.9960198758976115e-01];
Pos_cv(5,:)=[-1.6197131714624077e-03,3.0275983429251415e-02,-3.9073231892923967e-03];
K_cv(5,:)=1.0000000000000000e+00;
KLN_cv(5,:)=20000;
Giro_cv(5,:)=[0.0000000000000000e+00,0.0000000000000000e+00,0.0000000000000000e+00];
Acel_cv(5,:)=[0.0000000000000000e+00,0.0000000000000000e+00,0.0000000000000000e+00];
CAcel_cv(5,:)=[0.0000000000000000e+00,0.0000000000000000e+00,0.0000000000000000e+00];
DGiro_cv(5,:)=[0.0000000000000000e+00,0.0000000000000000e+00,0.0000000000000000e+00];
GBias_cv(5,:)=[0.0000000000000000e+00,0.0000000000000000e+00,0.0000000000000000e+00];
dWv_cv(5,:)=[0.0000000000000000e+00,0.0000000000000000e+00,0.0000000000000000e+00];
dWgv_cv(5,:)=[0.0000000000000000e+00,0.0000000000000000e+00,0.0000000000000000e+00];
g_cv(5,:)=[0.0000000000000000e+00,0.0000000000000000e+00,0.0000000000000000e+00];
VBias_cv(5,:)=[0.0000000000000000e+00,0.0000000000000000e+00,0.0000000000000000e+00];
Av_cv(5,:)=[0.0000000000000000e+00,0.0000000000000000e+00,0.0000000000000000e+00];
As_cv(5,:)=[0.0000000000000000e+00,0.0000000000000000e+00,0.0000000000000000e+00];
Posgv_cv(5,:)=[0.0000000000000000e+00,0.0000000000000000e+00,0.0000000000000000e+00];
SMM_cv(5,:)=0;
TProc0_cv(5,:)=8.1394725000000001e-02;
TProc1_cv(5,:)=1.0110134100000000e-01;
TProc2_cv(5,:)=2.0555082999999998e-02;
Kp_cv(6,:)=9.9984351485596956e-01;
RKp_cv(6,:)=1.2467577952653292e-06;
Rot_cv(6,:,:)=[9.9999984555702048e-01,-2.0201047917972660e-04,5.1776220548668339e-04;2.0054680469482384e-04,9.9999598838674142e-01,2.8254188013983280e-03;-5.1833089263090756e-04,-2.8253145294763284e-03,9.9999587445693761e-01];
Vel_cv(6,:)=[-2.1735519369697366e-05,-3.6577542880400714e-05,1.9725546712877333e-05];
RotGiro_cv(6,:)=[0.0000000000000000e+00,0.0000000000000000e+00,0.0000000000000000e+00];
t_cv(6,:)=1.9500000000000000e+02;
dt_cv(6,:)=3.3000000000000000e+01;
i_cv(6,:)=6;
Pose_cv(6,:,:)=[9.9999989356517627e-01,-4.5834549273009867e-04,5.2811414610082371e-05;4.5953831592319630e-04,9.9967770054738170e-01,-2.5382747149115890e-02;-4.1160325771167521e-05,2.5382768716376181e-02,9.9967780477417756e-01];
Pos_cv(6,:)=[-2.3363976070836590e-03,2.9052461211963379e-02,-3.2871988526206263e-03];
K_cv(6,:)=1.0000000000000000e+00;
KLN_cv(6,:)=20000;
Giro_cv(6,:)=[0.0000000000000000e+00,0.0000000000000000e+00,0.0000000000000000e+00];
Acel_cv(6,:)=[0.0000000000000000e+00,0.0000000000000000e+00,0.0000000000000000e+00];
CAcel_cv(6,:)=[0.0000000000000000e+00,0.0000000000000000e+00,0.0000000000000000e+00];
DGiro_cv(6,:)=[0.0000000000000000e+00,0.0000000000000000e+00,0.0000000000000000e+00];
GBias_cv(6,:)=[0.0000000000000000e+00,0.0000000000000000e+00,0.0000000000000000e+00];
dWv_cv(6,:)=[0.0000000000000000e+00,0.0000000000000000e+00,0.0000000000000000e+00];
dWgv_cv(6,:)=[0.0000000000000000e+00,0.0000000000000000e+00,0.0000000000000000e+00];
g_cv(6,:)=[0.0000000000000000e+00,0.0000000000000000e+00,0.0000000000000000e+00];
VBias_cv(6,:)=[0.0000000000000000e+00,0.0000000000000000e+00,0.0000000000000000e+00];
Av_cv(6,:)=[0.0000000000000000e+00,0.0000000000000000e+00,0.0000000000000000e+00];
As_cv(6,:)=[0.0000000000000000e+00,0.0000000000000000e+00,0.0000000000000000e+00];
Posgv_cv(6,:)=[0.0000000000000000e+00,0.0000000000000000e+00,0.0000000000000000e+00];
SMM_cv(6,:)=0;
TProc0_cv(6,:)=1.0952176299999999e-01;
TProc1_cv(6,:)=1.0509547100000000e-01;
TProc2_cv(6,:)=1.7966758999999999e-02;
Kp_cv(7,:)=9.9994010841786862e-01;
RKp_cv(7,:)=1.3335562029608032e-06;
Rot_cv(7,:,:)=[9.9999985003428749e-01,3.5410623471476705e-05,5.4651394330864679e-04;-3.6906502884934828e-05,9.9999625273621984e-01,2.7373621295316490e-03;-5.4641496367706648e-04,-2.7373818889396121e-03,9.9999610407795159e-01];
Vel_cv(7,:)=[-2.1713128912387994e-05,-2.8584777672352268e-05,2.4265522151988787e-05];
RotGiro_cv(7,:)=[0.0000000000000000e+00,0.0000000000000000e+00,0.0000000000000000e+00];
t_cv(7,:)=2.2800000000000000e+02;
dt_cv(7,:)=3.3000000000000000e+01;
i_cv(7,:)=7;
Pose_cv(7,:,:)=[9.9999973165846179e-01,-4.2307772049596465e-04,5.9807043640741847e-04;4.3651315193045669e-04,9.9974345303621837e-01,-2.2645917236598805e-02;-5.8833602020984027e-04,2.2646172225369788e-02,9.9974336944251152e-01];
Pos_cv(7,:)=[-3.0520526684747742e-03,2.8090958777528201e-02,-2.5075826406800233e-03];
K_cv(7,:)=1.0000000000000000e+00;
KLN_cv(7,:)=20000;
Giro_cv(7,:)=[0.0000000000000000e+00,0.0000000000000000e+00,0.0000000000000000e+00];
Acel_cv(7,:)=[0.0000000000000000e+00,0.0000000000000000e+00,0.0000000000000000e+00];
CAcel_cv(7,:)=[0.0000000000000000e+00,0.0000000000000000e+00,0.0000000000000000e+00];
DGiro_cv(7,:)=[0.0000000000000000e+00,0.0000000000000000e+00,0.0000000000000000e+00];
GBias_cv(7,:)=[0.0000000000000000e+00,0.0000000000000000e+00,0.0000000000000000e+00];
dWv_cv(7,:)=[0.0000000000000000e+00,0.0000000000000000e+00,0.0000000000000000e+00];
dWgv_cv(7,:)=[0.0000000000000000e+00,0.0000000000000000e+00,0.0000000000000000e+00];
g_cv(7,:)=[0.0000000000000000e+00,0.0000000000000000e+00,0.0000000000000000e+00];
VBias_cv(7,:)=[0.0000000000000000e+00,0.0000000000000000e+00,0.0000000000000000e+00];
Av_cv(7,:)=[0.0000000000000000e+00,0.0000000000000000e+00,0.0000000000000000e+00];
As_cv(7,:)=[0.0000000000000000e+00,0.0000000000000000e+00,0.0000000000000000e+00];
Posgv_cv(7,:)=[0.0000000000000000e+00,0.0000000000000000e+00,0.0000000000000000e+00];
SMM_cv(7,:)=0;
TProc0_cv(7,:)=9.7894344999999994e-02;
TProc1_cv(7,:)=1.3145982100000000e-01;
TProc2_cv(7,:)=2.0627274000000001e-02;
Kp_cv(8,:)=1.0003244051402658e+00;
RKp_cv(8,:)=1.4171377523393408e-06;
Rot_cv(8,:,:)=[9.9999900527103847e-01,-5.8466415229128411e-04,-1.2835983649911332e-03;5.8631482770370191e-04,9.9999900125039731e-01,1.2859755560166760e-03;1.2828452191894291e-03,-1.2867268695737780e-03,9.9999834931969089e-01];
Vel_cv(8,:)=[-9.1798686220168906e-06,-1.5727753020600736e-05,1.2477147285791567e-05];
RotGiro_cv(8,:)=[0.0000000000000000e+00,0.0000000000000000e+00,0.0000000000000000e+00];
t_cv(8,:)=2.6200000000000000e+02;
dt_cv(8,:)=3.4000000000000000e+01;
i_cv(8,:)=8;
Pose_cv(8,:,:)=[9.9999925610482643e-01,-1.0085108466492887e-03,-6.8607263897090107e-04;9.9362592147188658e-04,9.9977133843944432e-01,-2.1360794520104975e-02;7.0745835349716134e-04,2.1360096930354889e-02,9.9977159679689021e-01];
Pos_cv(8,:)=[-3.3639197225170266e-03,2.7546965583551693e-02,-2.0950995107846559e-03];
K_cv(8,:)=1.0000000000000000e+00;
KLN_cv(8,:)=20000;
Giro_cv(8,:)=[0.0000000000000000e+00,0.0000000000000000e+00,0.0000000000000000e+00];
Acel_cv(8,:)=[0.0000000000000000e+00,0.0000000000000000e+00,0.0000000000000000e+00];
CAcel_cv(8,:)=[0.0000000000000000e+00,0.0000000000000000e+00,0.0000000000000000e+00];
DGiro_cv(8,:)=[0.0000000000000000e+00,0.0000000000000000e+00,0.0000000000000000e+00];
GBias_cv(8,:)=[0.0000000000000000e+00,0.0000000000000000e+00,0.0000000000000000e+00];
dWv_cv(8,:)=[0.0000000000000000e+00,0.0000000000000000e+00,0.0000000000000000e+00];
dWgv_cv(8,:)=[0.0000000000000000e+00,0.0000000000000000e+00,0.0000000000000000e+00];
g_cv(8,:)=[0.0000000000000000e+00,0.0000000000000000e+00,0.0000000000000000e+00];
VBias_cv(8,:)=[0.0000000000000000e+00,0.0000000000000000e+00,0.0000000000000000e+00];
Av_cv(8,:)=[0.0000000000000000e+00,0.0000000000000000e+00,0.0000000000000000e+00];
As_cv(8,:)=[0.0000000000000000e+00,0.0000000000000000e+00,0.0000000000000000e+00];
Posgv_cv(8,:)=[0.0000000000000000e+00,0.0000000000000000e+00,0.0000000000000000e+00];
SMM_cv(8,:)=0;
TProc0_cv(8,:)=7.7522313999999995e-02;
TProc1_cv(8,:)=1.3209773499999999e-01;
TProc2_cv(8,:)=2.3109561000000001e-02;
Kp_cv(9,:)=1.0002440289787211e+00;
RKp_cv(9,:)=1.4558069538586335e-06;
Rot_cv(9,:,:)=[9.9999790244111442e-01,-7.9083261734696369e-04,-1.8893642165368498e-03;7.9116744680505862e-04,9.9999967145487534e-01,1.7647722925760023e-04;1.8892240318463338e-03,-1.7797166254947982e-04,9.9999819957770164e-01];
Vel_cv(9,:)=[-3.6915013347057001e-06,-1.9535392007482609e-05,1.1299749846646867e-05];
RotGiro_cv(9,:)=[0.0000000000000000e+00,0.0000000000000000e+00,0.0000000000000000e+00];
t_cv(9,:)=2.9500000000000000e+02;
dt_cv(9,:)=3.3000000000000000e+01;
i_cv(9,:)=9;
Pose_cv(9,:,:)=[9.9999506450163245e-01,-1.7992204428701759e-03,-2.5756121939982442e-03;1.7442550481583038e-03,9.9977402579377128e-01,-2.1186196507215909e-02;2.6131488099395712e-03,2.1181599418206128e-02,9.9977222971003921e-01];
Pos_cv(9,:)=[-3.4855391901177026e-03,2.6894330683491074e-02,-1.7362661300860715e-03];
K_cv(9,:)=1.0000000000000000e+00;
KLN_cv(9,:)=20000;
Giro_cv(9,:)=[0.0000000000000000e+00,0.0000000000000000e+00,0.0000000000000000e+00];
Acel_cv(9,:)=[0.0000000000000000e+00,0.0000000000000000e+00,0.0000000000000000e+00];
CAcel_cv(9,:)=[0.0000000000000000e+00,0.0000000000000000e+00,0.0000000000000000e+00];
DGiro_cv(9,:)=[0.0000000000000000e+00,0.0000000000000000e+00,0.0000000000000000e+00];
GBias_cv(9,:)=[0.0000000000000000e+00,0.0000000000000000e+00,0.0000000000000000e+00];
dWv_cv(9,:)=[0.0000000000000000e+00,0.0000000000000000e+00,0.0000000000000000e+00];
dWgv_cv(9,:)=[0.0000000000000000e+00,0.0000000000000000e+00,0.0000000000000000e+00];
g_cv(9,:)=[0.0000000000000000e+00,0.0000000000000000e+00,0.0000000000000000e+00];
VBias_cv(9,:)=[0.0000000000000000e+00,0.0000000000000000e+00,0.0000000000000000e+00];
Av_cv(9,:)=[0.0000000000000000e+00,0.0000000000000000e+00,0.0000000000000000e+00];
As_cv(9,:)=[0.0000000000000000e+00,0.0000000000000000e+00,0.0000000000000000e+00];
Posgv_cv(9,:)=[0.0000000000000000e+00,0.0000000000000000e+00,0.0000000000000000e+00];
SMM_cv(9,:)=0;
TProc0_cv(9,:)=7.9767827999999999e-02;
TProc1_cv(9,:)=1.2568382000000000e-01;
TProc2_cv(9,:)=2.6462390999999998e-02;
Kp_cv(10,:)=1.0001110119339551e+00;
RKp_cv(10,:)=1.5212108740318804e-06;
Rot_cv(10,:,:)=[9.9999623595989895e-01,-6.2615032870412773e-04,-2.6713295940724701e-03;6.2563334898567088e-04,9.9999978540348211e-01,-1.9436023879254997e-04;2.6714507195418468e-03,1.9268823433265487e-04,9.9999641310471588e-01];
Vel_cv(10,:)=[1.0471753078886379e-07,-6.4860473367042630e-06,4.3532740070938273e-06];
RotGiro_cv(10,:)=[0.0000000000000000e+00,0.0000000000000000e+00,0.0000000000000000e+00];
t_cv(10,:)=3.2900000000000000e+02;
dt_cv(10,:)=3.4000000000000000e+01;
i_cv(10,:)=10;
Pose_cv(10,:,:)=[9.9998329420674859e-01,-2.4258635852699236e-03,-5.2465696683617145e-03;2.3131425747950425e-03,9.9976863674907779e-01,-2.1385096313069191e-02;5.2972331313603863e-03,2.1372602994400001e-02,9.9975754618927259e-01];
Pos_cv(10,:)=[-3.4822204401869076e-03,2.6670699095015481e-02,-1.5929850458054639e-03];
K_cv(10,:)=1.0000000000000000e+00;
KLN_cv(10,:)=20000;
Giro_cv(10,:)=[0.0000000000000000e+00,0.0000000000000000e+00,0.0000000000000000e+00];
Acel_cv(10,:)=[0.0000000000000000e+00,0.0000000000000000e+00,0.0000000000000000e+00];
CAcel_cv(10,:)=[0.0000000000000000e+00,0.0000000000000000e+00,0.0000000000000000e+00];
DGiro_cv(10,:)=[0.0000000000000000e+00,0.0000000000000000e+00,0.0000000000000000e+00];
GBias_cv(10,:)=[0.0000000000000000e+00,0.0000000000000000e+00,0.0000000000000000e+00];
dWv_cv(10,:)=[0.0000000000000000e+00,0.0000000000000000e+00,0.0000000000000000e+00];
dWgv_cv(10,:)=[0.0000000000000000e+00,0.0000000000000000e+00,0.0000000000000000e+00];
g_cv(10,:)=[0.0000000000000000e+00,0.0000000000000000e+00,0.0000000000000000e+00];
VBias_cv(10,:)=[0.0000000000000000e+00,0.0000000000000000e+00,0.0000000000000000e+00];
Av_cv(10,:)=[0.0000000000000000e+00,0.0000000000000000e+00,0.0000000000000000e+00];
As_cv(10,:)=[0.0000000000000000e+00,0.0000000000000000e+00,0.0000000000000000e+00];
Posgv_cv(10,:)=[0.0000000000000000e+00,0.0000000000000000e+00,0.0000000000000000e+00];
SMM_cv(10,:)=0;
TProc0_cv(10,:)=6.3816039000000005e-02;
TProc1_cv(10,:)=1.2276371599999999e-01;
TProc2_cv(10,:)=2.0286635000000001e-02;
Kp_cv(11,:)=1.0001670210984248e+00;
RKp_cv(11,:)=1.5875159145426792e-06;
Rot_cv(11,:,:)=[9.9999853237462888e-01,-1.3430623148203821e-04,-1.7079843162164121e-03;1.3198530006230347e-04,9.9999906796894100e-01,-1.3589117447438282e-03;1.7081652346373332e-03,1.3586843215479985e-03,9.9999761807138599e-01];
Vel_cv(11,:)=[-1.9036505923328437e-06,-2.6730463682123276e-06,4.4842138919610850e-06];
RotGiro_cv(11,:)=[0.0000000000000000e+00,0.0000000000000000e+00,0.0000000000000000e+00];
t_cv(11,:)=3.6100000000000000e+02;
dt_cv(11,:)=3.2000000000000000e+01;
i_cv(11,:)=11;
Pose_cv(11,:,:)=[9.9997254441965355e-01,-2.5672937440299319e-03,-6.9512164198736754e-03;2.4085646654211645e-03,9.9973833866911899e-01,-2.2747593529040138e-02;7.0077973098928176e-03,2.2730226526407705e-02,9.9971707376583374e-01];
Pos_cv(11,:)=[-3.5439134505074986e-03,2.6581773108589699e-02,-1.4519019788215774e-03];
K_cv(11,:)=1.0000000000000000e+00;
KLN_cv(11,:)=20000;
Giro_cv(11,:)=[0.0000000000000000e+00,0.0000000000000000e+00,0.0000000000000000e+00];
Acel_cv(11,:)=[0.0000000000000000e+00,0.0000000000000000e+00,0.0000000000000000e+00];
CAcel_cv(11,:)=[0.0000000000000000e+00,0.0000000000000000e+00,0.0000000000000000e+00];
DGiro_cv(11,:)=[0.0000000000000000e+00,0.0000000000000000e+00,0.0000000000000000e+00];
GBias_cv(11,:)=[0.0000000000000000e+00,0.0000000000000000e+00,0.0000000000000000e+00];
dWv_cv(11,:)=[0.0000000000000000e+00,0.0000000000000000e+00,0.0000000000000000e+00];
dWgv_cv(11,:)=[0.0000000000000000e+00,0.0000000000000000e+00,0.0000000000000000e+00];
g_cv(11,:)=[0.0000000000000000e+00,0.0000000000000000e+00,0.0000000000000000e+00];
VBias_cv(11,:)=[0.0000000000000000e+00,0.0000000000000000e+00,0.0000000000000000e+00];
Av_cv(11,:)=[0.0000000000000000e+00,0.0000000000000000e+00,0.0000000000000000e+00];
As_cv(11,:)=[0.0000000000000000e+00,0.0000000000000000e+00,0.0000000000000000e+00];
Posgv_cv(11,:)=[0.0000000000000000e+00,0.0000000000000000e+00,0.0000000000000000e+00];
SMM_cv(11,:)=0;
TProc0_cv(11,:)=7.5578959000000001e-02;
TProc1_cv(11,:)=1.0474390900000000e-01;
TProc2_cv(11,:)=2.0696672999999999e-02;
Kp_cv(12,:)=1.0000318839340694e+00;
RKp_cv(12,:)=1.6772037096439295e-06;
Rot_cv(12,:,:)=[9.9999962086940231e-01,3.4887423870564184e-04,7.9783946827798470e-04;-3.4671878574543279e-04,9.9999629446287208e-01,-2.7001567747619889e-03;-7.9877852699340344e-04,2.6998791251182735e-03,9.9999603629493172e-01];
Vel_cv(12,:)=[1.0769756976993268e-06,4.7327797247780654e-07,-3.3345231252087821e-06];
RotGiro_cv(12,:)=[0.0000000000000000e+00,0.0000000000000000e+00,0.0000000000000000e+00];
t_cv(12,:)=3.9500000000000000e+02;
dt_cv(12,:)=3.4000000000000000e+01;
i_cv(12,:)=12;
Pose_cv(12,:,:)=[9.9997860791084725e-01,-2.2371870147728915e-03,-6.1464392085738145e-03;2.0801059786658620e-03,9.9967405863483505e-01,-2.5445031964483122e-02;6.2013611248886522e-03,2.5431702397145577e-02,9.9965732710433397e-01];
Pos_cv(12,:)=[-3.5066362146038608e-03,2.6600820282001645e-02,-1.5646006056428210e-03];
K_cv(12,:)=1.0000000000000000e+00;
KLN_cv(12,:)=19532;
Giro_cv(12,:)=[0.0000000000000000e+00,0.0000000000000000e+00,0.0000000000000000e+00];
Acel_cv(12,:)=[0.0000000000000000e+00,0.0000000000000000e+00,0.0000000000000000e+00];
CAcel_cv(12,:)=[0.0000000000000000e+00,0.0000000000000000e+00,0.0000000000000000e+00];
DGiro_cv(12,:)=[0.0000000000000000e+00,0.0000000000000000e+00,0.0000000000000000e+00];
GBias_cv(12,:)=[0.0000000000000000e+00,0.0000000000000000e+00,0.0000000000000000e+00];
dWv_cv(12,:)=[0.0000000000000000e+00,0.0000000000000000e+00,0.0000000000000000e+00];
dWgv_cv(12,:)=[0.0000000000000000e+00,0.0000000000000000e+00,0.0000000000000000e+00];
g_cv(12,:)=[0.0000000000000000e+00,0.0000000000000000e+00,0.0000000000000000e+00];
VBias_cv(12,:)=[0.0000000000000000e+00,0.0000000000000000e+00,0.0000000000000000e+00];
Av_cv(12,:)=[0.0000000000000000e+00,0.0000000000000000e+00,0.0000000000000000e+00];
As_cv(12,:)=[0.0000000000000000e+00,0.0000000000000000e+00,0.0000000000000000e+00];
Posgv_cv(12,:)=[0.0000000000000000e+00,0.0000000000000000e+00,0.0000000000000000e+00];
SMM_cv(12,:)=0;
TProc0_cv(12,:)=7.9601807999999996e-02;
TProc1_cv(12,:)=1.2365344600000000e-01;
TProc2_cv(12,:)=1.9942367999999999e-02;
Kp_cv(13,:)=9.9976754256713862e-01;
RKp_cv(13,:)=1.7398895513928358e-06;
Rot_cv(13,:,:)=[9.9999567491640162e-01,2.5191266196261828e-05,2.9410055917400814e-03;-2.6232377816994184e-05,9.9999993701191858e-01,3.5396047977216525e-04;-2.9409964897791126e-03,-3.5403609843334341e-04,9.9999561258941938e-01];
Vel_cv(13,:)=[-1.8786881505201112e-05,2.9458863412120936e-06,1.5470442495096516e-05];
RotGiro_cv(13,:)=[0.0000000000000000e+00,0.0000000000000000e+00,0.0000000000000000e+00];
t_cv(13,:)=4.2800000000000000e+02;
dt_cv(13,:)=3.3000000000000000e+01;
i_cv(13,:)=13;
Pose_cv(13,:,:)=[9.9999241826264351e-01,-2.2098200851976631e-03,-3.2062614399242227e-03;2.1287069041235158e-03,9.9968305652762868e-01,-2.5084957613955815e-02;3.2606784794617359e-03,2.5077942235531989e-02,9.9968018125252667e-01];
Pos_cv(13,:)=[-4.1284503051950460e-03,2.6683877503605270e-02,-1.0538228586633642e-03];
K_cv(13,:)=1.0000000000000000e+00;
KLN_cv(13,:)=18634;
Giro_cv(13,:)=[0.0000000000000000e+00,0.0000000000000000e+00,0.0000000000000000e+00];
Acel_cv(13,:)=[0.0000000000000000e+00,0.0000000000000000e+00,0.0000000000000000e+00];
CAcel_cv(13,:)=[0.0000000000000000e+00,0.0000000000000000e+00,0.0000000000000000e+00];
DGiro_cv(13,:)=[0.0000000000000000e+00,0.0000000000000000e+00,0.0000000000000000e+00];
GBias_cv(13,:)=[0.0000000000000000e+00,0.0000000000000000e+00,0.0000000000000000e+00];
dWv_cv(13,:)=[0.0000000000000000e+00,0.0000000000000000e+00,0.0000000000000000e+00];
dWgv_cv(13,:)=[0.0000000000000000e+00,0.0000000000000000e+00,0.0000000000000000e+00];
g_cv(13,:)=[0.0000000000000000e+00,0.0000000000000000e+00,0.0000000000000000e+00];
VBias_cv(13,:)=[0.0000000000000000e+00,0.0000000000000000e+00,0.0000000000000000e+00];
Av_cv(13,:)=[0.0000000000000000e+00,0.0000000000000000e+00,0.0000000000000000e+00];
As_cv(13,:)=[0.0000000000000000e+00,0.0000000000000000e+00,0.0000000000000000e+00];
Posgv_cv(13,:)=[0.0000000000000000e+00,0.0000000000000000e+00,0.0000000000000000e+00];
SMM_cv(13,:)=0;
TProc0_cv(13,:)=1.0050521300000000e-01;
TProc1_cv(13,:)=1.2669128099999999e-01;
TProc2_cv(13,:)=2.0681183999999998e-02;
Kp_cv(14,:)=9.9944463116556825e-01;
RKp_cv(14,:)=1.8273342182454215e-06;
Rot_cv(14,:,:)=[9.9999951517154140e-01,-4.3084735208772436e-04,8.8545312768798488e-04;4.3046691767038283e-04,9.9999981498718915e-01,4.2979509110570860e-04;-8.8563813994475100e-04,-4.2941372445021007e-04,9.9999951562435185e-01];
Vel_cv(14,:)=[-7.5715609352302404e-06,-1.7240645374092025e-05,3.5771911059778475e-06];
RotGiro_cv(14,:)=[0.0000000000000000e+00,0.0000000000000000e+00,0.0000000000000000e+00];
t_cv(14,:)=4.6100000000000006e+02;
dt_cv(14,:)=3.3000000000000057e+01;
i_cv(14,:)=14;
Pose_cv(14,:,:)=[9.9999382177083795e-01,-2.6392869492024187e-03,-2.3217632422991748e-03;2.5812525512584009e-03,9.9969272625080019e-01,-2.4653401722869898e-02;2.3861172268235410e-03,2.4647256351211809e-02,9.9969336258621677e-01];
Pos_cv(14,:)=[-4.3770827509121042e-03,2.6111555803653989e-02,-9.5043079074670698e-04];
K_cv(14,:)=1.0000000000000000e+00;
KLN_cv(14,:)=17866;
Giro_cv(14,:)=[0.0000000000000000e+00,0.0000000000000000e+00,0.0000000000000000e+00];
Acel_cv(14,:)=[0.0000000000000000e+00,0.0000000000000000e+00,0.0000000000000000e+00];
CAcel_cv(14,:)=[0.0000000000000000e+00,0.0000000000000000e+00,0.0000000000000000e+00];
DGiro_cv(14,:)=[0.0000000000000000e+00,0.0000000000000000e+00,0.0000000000000000e+00];
GBias_cv(14,:)=[0.0000000000000000e+00,0.0000000000000000e+00,0.0000000000000000e+00];
dWv_cv(14,:)=[0.0000000000000000e+00,0.0000000000000000e+00,0.0000000000000000e+00];
dWgv_cv(14,:)=[0.0000000000000000e+00,0.0000000000000000e+00,0.0000000000000000e+00];
g_cv(14,:)=[0.0000000000000000e+00,0.0000000000000000e+00,0.0000000000000000e+00];
VBias_cv(14,:)=[0.0000000000000000e+00,0.0000000000000000e+00,0.0000000000000000e+00];
Av_cv(14,:)=[0.0000000000000000e+00,0.0000000000000000e+00,0.0000000000000000e+00];
As_cv(14,:)=[0.0000000000000000e+00,0.0000000000000000e+00,0.0000000000000000e+00];
Posgv_cv(14,:)=[0.0000000000000000e+00,0.0000000000000000e+00,0.0000000000000000e+00];
SMM_cv(14,:)=0;
TProc0_cv(14,:)=8.0976945999999994e-02;
TProc1_cv(14,:)=1.1840583700000000e-01;
TProc2_cv(14,:)=1.7992596999999999e-02;
Kp_cv(15,:)=1.0002372202760967e+00;
RKp_cv(15,:)=1.8988756215761151e-06;
Rot_cv(15,:,:)=[9.9999974785700552e-01,-7.0202762365976210e-04,-1.0697261824576297e-04;7.0188686274638180e-04,9.9999889528123143e-01,-1.3102637706397381e-03;1.0789234143241166e-04,1.3101883575904840e-03,9.9999913588248179e-01];
Vel_cv(15,:)=[-9.3984202303414106e-06,-3.1153078887844879e-06,8.9977603484154352e-06];
RotGiro_cv(15,:)=[0.0000000000000000e+00,0.0000000000000000e+00,0.0000000000000000e+00];
t_cv(15,:)=4.9400000000000006e+02;
dt_cv(15,:)=3.3000000000000000e+01;
i_cv(15,:)=15;
Pose_cv(15,:,:)=[9.9999146664809213e-01,-3.3443492670739571e-03,-2.4252750312974349e-03;3.2802631785160507e-03,9.9965750916097573e-01,-2.5963517703755840e-02;2.5112754682203244e-03,2.5955340607539547e-02,9.9965994907741940e-01];
Pos_cv(15,:)=[-4.6876042829857223e-03,2.6000059240686421e-02,-6.5705287892435255e-04];
K_cv(15,:)=1.0000000000000000e+00;
KLN_cv(15,:)=17274;
Giro_cv(15,:)=[0.0000000000000000e+00,0.0000000000000000e+00,0.0000000000000000e+00];
Acel_cv(15,:)=[0.0000000000000000e+00,0.0000000000000000e+00,0.0000000000000000e+00];
CAcel_cv(15,:)=[0.0000000000000000e+00,0.0000000000000000e+00,0.0000000000000000e+00];
DGiro_cv(15,:)=[0.0000000000000000e+00,0.0000000000000000e+00,0.0000000000000000e+00];
GBias_cv(15,:)=[0.0000000000000000e+00,0.0000000000000000e+00,0.0000000000000000e+00];
dWv_cv(15,:)=[0.0000000000000000e+00,0.0000000000000000e+00,0.0000000000000000e+00];
dWgv_cv(15,:)=[0.0000000000000000e+00,0.0000000000000000e+00,0.0000000000000000e+00];
g_cv(15,:)=[0.0000000000000000e+00,0.0000000000000000e+00,0.0000000000000000e+00];
VBias_cv(15,:)=[0.0000000000000000e+00,0.0000000000000000e+00,0.0000000000000000e+00];
Av_cv(15,:)=[0.0000000000000000e+00,0.0000000000000000e+00,0.0000000000000000e+00];
As_cv(15,:)=[0.0000000000000000e+00,0.0000000000000000e+00,0.0000000000000000e+00];
Posgv_cv(15,:)=[0.0000000000000000e+00,0.0000000000000000e+00,0.0000000000000000e+00];
SMM_cv(15,:)=0;
TProc0_cv(15,:)=7.5907960999999996e-02;
TProc1_cv(15,:)=1.2729852899999999e-01;
TProc2_cv(15,:)=1.7572760999999999e-02;
Kp_cv(16,:)=9.9997428354193918e-01;
RKp_cv(16,:)=1.9392191052605839e-06;
Rot_cv(16,:,:)=[9.9999987537979673e-01,-4.4661932684408417e-04,2.2309542325872541e-04;4.4701906471124043e-04,9.9999828915369893e-01,-1.7949550498821362e-03;-2.2229337996067402e-04,1.7950545541019166e-03,9.9999836418106258e-01];
Vel_cv(16,:)=[-5.8624324600361831e-06,-9.2374389691716301e-06,-2.4002492803210143e-05];
RotGiro_cv(16,:)=[0.0000000000000000e+00,0.0000000000000000e+00,0.0000000000000000e+00];
t_cv(16,:)=5.2700000000000000e+02;
dt_cv(16,:)=3.2999999999999943e+01;
i_cv(16,:)=16;
Pose_cv(16,:,:)=[9.9999038616365488e-01,-3.7953125620804637e-03,-2.1961745878741365e-03;3.7329002526117309e-03,9.9960772794099662e-01,-2.7757083714660780e-02;2.3006598984555743e-03,2.7748618761926649e-02,9.9961228539911229e-01];
Pos_cv(16,:)=[-4.8781661973857906e-03,2.5716607058921613e-02,-1.4577318895454988e-03];
K_cv(16,:)=1.0000000000000000e+00;
KLN_cv(16,:)=16592;
Giro_cv(16,:)=[0.0000000000000000e+00,0.0000000000000000e+00,0.0000000000000000e+00];
Acel_cv(16,:)=[0.0000000000000000e+00,0.0000000000000000e+00,0.0000000000000000e+00];
CAcel_cv(16,:)=[0.0000000000000000e+00,0.0000000000000000e+00,0.0000000000000000e+00];
DGiro_cv(16,:)=[0.0000000000000000e+00,0.0000000000000000e+00,0.0000000000000000e+00];
GBias_cv(16,:)=[0.0000000000000000e+00,0.0000000000000000e+00,0.0000000000000000e+00];
dWv_cv(16,:)=[0.0000000000000000e+00,0.0000000000000000e+00,0.0000000000000000e+00];
dWgv_cv(16,:)=[0.0000000000000000e+00,0.0000000000000000e+00,0.0000000000000000e+00];
g_cv(16,:)=[0.0000000000000000e+00,0.0000000000000000e+00,0.0000000000000000e+00];
VBias_cv(16,:)=[0.0000000000000000e+00,0.0000000000000000e+00,0.0000000000000000e+00];
Av_cv(16,:)=[0.0000000000000000e+00,0.0000000000000000e+00,0.0000000000000000e+00];
As_cv(16,:)=[0.0000000000000000e+00,0.0000000000000000e+00,0.0000000000000000e+00];
Posgv_cv(16,:)=[0.0000000000000000e+00,0.0000000000000000e+00,0.0000000000000000e+00];
SMM_cv(16,:)=0;
TProc0_cv(16,:)=6.8989150999999999e-02;
TProc1_cv(16,:)=1.2573920299999999e-01;
TProc2_cv(16,:)=2.0493687999999999e-02;
Kp_cv(17,:)=1.0000743373563095e+00;
RKp_cv(17,:)=2.0412523911827673e-06;
Rot_cv(17,:,:)=[9.9999919767212297e-01,-2.8157306036972590e-04,-1.2350594002021166e-03;2.8279610180364552e-04,9.9999946975858989e-01,9.9020649552637881e-04;1.2347799298491403e-03,-9.9055497103997070e-04,9.9999874705890224e-01];
Vel_cv(17,:)=[2.7866210188868163e-06,7.8849635377221160e-06,2.6212510585378853e-06];
RotGiro_cv(17,:)=[0.0000000000000000e+00,0.0000000000000000e+00,0.0000000000000000e+00];
t_cv(17,:)=5.6000000000000000e+02;
dt_cv(17,:)=3.3000000000000000e+01;
i_cv(17,:)=17;
Pose_cv(17,:,:)=[9.9998579875159010e-01,-4.0747054713656927e-03,-3.4349775058914291e-03;3.9813085365143037e-03,9.9963364174069236e-01,-2.6771841225031307e-02;3.5428064414297650e-03,2.6757785326196715e-02,9.9963566835470374e-01];
Pos_cv(17,:)=[-4.7875663934901745e-03,2.5974765844326116e-02,-1.3639738512912958e-03];
K_cv(17,:)=1.0000000000000000e+00;
KLN_cv(17,:)=16233;
Giro_cv(17,:)=[0.0000000000000000e+00,0.0000000000000000e+00,0.0000000000000000e+00];
Acel_cv(17,:)=[0.0000000000000000e+00,0.0000000000000000e+00,0.0000000000000000e+00];
CAcel_cv(17,:)=[0.0000000000000000e+00,0.0000000000000000e+00,0.0000000000000000e+00];
DGiro_cv(17,:)=[0.0000000000000000e+00,0.0000000000000000e+00,0.0000000000000000e+00];
GBias_cv(17,:)=[0.0000000000000000e+00,0.0000000000000000e+00,0.0000000000000000e+00];
dWv_cv(17,:)=[0.0000000000000000e+00,0.0000000000000000e+00,0.0000000000000000e+00];
dWgv_cv(17,:)=[0.0000000000000000e+00,0.0000000000000000e+00,0.0000000000000000e+00];
g_cv(17,:)=[0.0000000000000000e+00,0.0000000000000000e+00,0.0000000000000000e+00];
VBias_cv(17,:)=[0.0000000000000000e+00,0.0000000000000000e+00,0.0000000000000000e+00];
Av_cv(17,:)=[0.0000000000000000e+00,0.0000000000000000e+00,0.0000000000000000e+00];
As_cv(17,:)=[0.0000000000000000e+00,0.0000000000000000e+00,0.0000000000000000e+00];
Posgv_cv(17,:)=[0.0000000000000000e+00,0.0000000000000000e+00,0.0000000000000000e+00];
SMM_cv(17,:)=0;
TProc0_cv(17,:)=7.1849355000000004e-02;
TProc1_cv(17,:)=1.3370625500000000e-01;
TProc2_cv(17,:)=1.6715008999999999e-02;
Kp_cv(18,:)=1.0001926127206102e+00;
RKp_cv(18,:)=2.0960628491718828e-06;
Rot_cv(18,:,:)=[9.9999965645649758e-01,-6.8555085021716733e-04,4.6594733467901516e-04;6.8452933236213989e-04,9.9999736988704413e-01,2.1889811756406717e-03;-4.6744676709097282e-04,-2.1886614690124857e-03,9.9999749562411100e-01];
Vel_cv(18,:)=[-1.4894208064823581e-05,-3.4858393683546102e-06,1.3114991551612928e-05];
RotGiro_cv(18,:)=[0.0000000000000000e+00,0.0000000000000000e+00,0.0000000000000000e+00];
t_cv(18,:)=5.9400000000000000e+02;
dt_cv(18,:)=3.4000000000000000e+01;
i_cv(18,:)=18;
Pose_cv(18,:,:)=[9.9998427162668080e-01,-4.7527178660552180e-03,-2.9779476393445143e-03;4.6781001287788289e-03,9.9968687769919162e-01,-2.4581739873869007e-02;3.0938452518052321e-03,2.4567422105852298e-02,9.9969338794083762e-01];
Pos_cv(18,:)=[-5.2947261133985324e-03,2.5842954175746710e-02,-9.2267928754159929e-04];
K_cv(18,:)=1.0000000000000000e+00;
KLN_cv(18,:)=15708;
Giro_cv(18,:)=[0.0000000000000000e+00,0.0000000000000000e+00,0.0000000000000000e+00];
Acel_cv(18,:)=[0.0000000000000000e+00,0.0000000000000000e+00,0.0000000000000000e+00];
CAcel_cv(18,:)=[0.0000000000000000e+00,0.0000000000000000e+00,0.0000000000000000e+00];
DGiro_cv(18,:)=[0.0000000000000000e+00,0.0000000000000000e+00,0.0000000000000000e+00];
GBias_cv(18,:)=[0.0000000000000000e+00,0.0000000000000000e+00,0.0000000000000000e+00];
dWv_cv(18,:)=[0.0000000000000000e+00,0.0000000000000000e+00,0.0000000000000000e+00];
dWgv_cv(18,:)=[0.0000000000000000e+00,0.0000000000000000e+00,0.0000000000000000e+00];
g_cv(18,:)=[0.0000000000000000e+00,0.0000000000000000e+00,0.0000000000000000e+00];
VBias_cv(18,:)=[0.0000000000000000e+00,0.0000000000000000e+00,0.0000000000000000e+00];
Av_cv(18,:)=[0.0000000000000000e+00,0.0000000000000000e+00,0.0000000000000000e+00];
As_cv(18,:)=[0.0000000000000000e+00,0.0000000000000000e+00,0.0000000000000000e+00];
Posgv_cv(18,:)=[0.0000000000000000e+00,0.0000000000000000e+00,0.0000000000000000e+00];
SMM_cv(18,:)=0;
TProc0_cv(18,:)=7.5839230999999993e-02;
TProc1_cv(18,:)=1.0588164100000000e-01;
TProc2_cv(18,:)=2.1948812000000002e-02;
Kp_cv(19,:)=1.0000000000000000e+00;
RKp_cv(19,:)=2.2124925701841949e-06;
Rot_cv(19,:,:)=[1.0000000000000000e+00,0.0000000000000000e+00,0.0000000000000000e+00;0.0000000000000000e+00,1.0000000000000000e+00,0.0000000000000000e+00;0.0000000000000000e+00,0.0000000000000000e+00,1.0000000000000000e+00];
Vel_cv(19,:)=[-0.0000000000000000e+00,-0.0000000000000000e+00,-0.0000000000000000e+00];
RotGiro_cv(19,:)=[0.0000000000000000e+00,0.0000000000000000e+00,0.0000000000000000e+00];
t_cv(19,:)=6.2700000000000000e+02;
dt_cv(19,:)=3.3000000000000000e+01;
i_cv(19,:)=19;
Pose_cv(19,:,:)=[9.9998427162668080e-01,-4.7527178660552180e-03,-2.9779476393445143e-03;4.6781001287788289e-03,9.9968687769919162e-01,-2.4581739873869007e-02;3.0938452518052321e-03,2.4567422105852298e-02,9.9969338794083762e-01];
Pos_cv(19,:)=[-5.2947261133985324e-03,2.5842954175746710e-02,-9.2267928754159929e-04];
K_cv(19,:)=1.0000000000000000e+00;
KLN_cv(19,:)=15516;
Giro_cv(19,:)=[0.0000000000000000e+00,0.0000000000000000e+00,0.0000000000000000e+00];
Acel_cv(19,:)=[0.0000000000000000e+00,0.0000000000000000e+00,0.0000000000000000e+00];
CAcel_cv(19,:)=[0.0000000000000000e+00,0.0000000000000000e+00,0.0000000000000000e+00];
DGiro_cv(19,:)=[0.0000000000000000e+00,0.0000000000000000e+00,0.0000000000000000e+00];
GBias_cv(19,:)=[0.0000000000000000e+00,0.0000000000000000e+00,0.0000000000000000e+00];
dWv_cv(19,:)=[0.0000000000000000e+00,0.0000000000000000e+00,0.0000000000000000e+00];
dWgv_cv(19,:)=[0.0000000000000000e+00,0.0000000000000000e+00,0.0000000000000000e+00];
g_cv(19,:)=[0.0000000000000000e+00,0.0000000000000000e+00,0.0000000000000000e+00];
VBias_cv(19,:)=[0.0000000000000000e+00,0.0000000000000000e+00,0.0000000000000000e+00];
Av_cv(19,:)=[0.0000000000000000e+00,0.0000000000000000e+00,0.0000000000000000e+00];
As_cv(19,:)=[0.0000000000000000e+00,0.0000000000000000e+00,0.0000000000000000e+00];
Posgv_cv(19,:)=[0.0000000000000000e+00,0.0000000000000000e+00,0.0000000000000000e+00];
SMM_cv(19,:)=0;
TProc0_cv(19,:)=7.1720501000000006e-02;
TProc1_cv(19,:)=1.1845128900000000e-01;
TProc2_cv(19,:)=1.8977556000000000e-02;
Kp_cv(20,:)=1.0002343036505046e+00;
RKp_cv(20,:)=2.2034573946604443e-06;
Rot_cv(20,:,:)=[9.9999908649399960e-01,-9.3296153257290987e-04,-9.7805620752039945e-04;9.2986150669604084e-04,9.9999455824095151e-01,-3.1652560816895544e-03;9.8100394733912667e-04,3.1643437333903771e-03,9.9999451226493852e-01];
Vel_cv(20,:)=[-7.9767052122355616e-06,1.6590563808020882e-06,3.5419953039503940e-06];
